f8ff ff0f ffff ff0f 0000 0000 0000 0000 
0000 0000 0000 0000 0000 0000 0000 0000 
3d01 0000 0000 0000 0000 0000 0000 0000 
0000 0000 0000 0000 0000 0000 0000 0000 
0000 0000 5c0f 0000 0000 0000 0000 0000 
0000 0000 8e09 0000 ab08 0000 0000 0000 
0000 0000 0000 0000 8007 0000 0000 0000 
0000 0000 0000 0000 0000 0000 0000 0000 
9709 0000 0000 0000 0000 0000 0606 0000 
0000 0000 0000 0000 0000 0000 cf08 0000 
0000 0000 2209 0000 4f02 0000 0000 0000 
0000 0000 0000 0000 0000 0000 0000 0000 
0000 0000 0000 0000 0000 0000 cf01 0000 
0000 0000 0000 0000 0000 0000 0000 0000 
0000 0000 0000 0000 0000 0000 0000 0000 
0000 0000 0000 0000 0000 0000 0000 0000 
0000 0000 0000 0000 a107 0000 650a 0000 
0000 0000 a205 0000 0000 0000 690e 0000 
0000 0000 0000 0000 0000 0000 0000 0000 
0000 0000 0000 0000 200c 0000 0000 0000 
0000 0000 0000 0000 0000 0000 0000 0000 
0000 0000 0000 0000 0000 0000 0000 0000 
bf08 0000 0000 0000 0000 0000 0000 0000 
0000 0000 ed0a 0000 0000 0000 c101 0000 
0000 0000 0000 0000 0000 0000 0000 0000 
0000 0000 0000 0000 0000 0000 0000 0000 
0000 0000 0000 0000 0000 0000 6a0e 0000 
0000 0000 0000 0000 0000 0000 0000 0000 
0000 0000 0000 0000 0000 0000 0000 0000 
0000 0000 0000 0000 0000 0000 f500 0000 
d60d 0000 0000 0000 2700 0000 6a0f 0000 
4a0b 0000 0000 0000 0000 0000 5a08 0000 
0000 0000 6b06 0000 0d0d 0000 1502 0000 
230d 0000 0000 0000 0000 0000 9e0c 0000 
0000 0000 0106 0000 1a0f 0000 0000 0000 
0000 0000 830b 0000 0000 0000 0000 0000 
0000 0000 e90f 0000 0000 0000 0000 0000 
0000 0000 0000 0000 0000 0000 0000 0000 
0000 0000 0000 0000 0000 0000 0000 0000 
0000 0000 f501 0000 0000 0000 0000 0000 
a10a 0000 0000 0000 0000 0000 0000 0000 
0000 0000 0000 0000 0000 0000 d100 0000 
0000 0000 430f 0000 0000 0000 0000 0000 
0000 0000 3b0f 0000 0000 0000 0000 0000 
0000 0000 0000 0000 0000 0000 f106 0000 
0000 0000 0000 0000 0000 0000 d50b 0000 
0000 0000 0000 0000 0000 0000 d607 0000 
0000 0000 2c03 0000 0000 0000 0000 0000 
0000 0000 0000 0000 0000 0000 ab06 0000 
0000 0000 0000 0000 950f 0000 0000 0000 
0000 0000 0000 0000 0000 0000 0000 0000 
0000 0000 0000 0000 e30b 0000 0000 0000 
0000 0000 8d03 0000 0000 0000 0000 0000 
0000 0000 0000 0000 0000 0000 c10e 0000 
160f 0000 0000 0000 0000 0000 0000 0000 
0000 0000 0000 0000 0000 0000 0000 0000 
0000 0000 0000 0000 0000 0000 0000 0000 
8d04 0000 0000 0000 6104 0000 0000 0000 
0000 0000 d10e 0000 0000 0000 0000 0000 
0000 0000 0000 0000 0000 0000 0000 0000 
0000 0000 3904 0000 0000 0000 0000 0000 
0000 0000 c508 0000 8c08 0000 0000 0000 
0000 0000 0000 0000 a305 0000 a106 0000 
a80b 0000 0000 0000 0000 0000 0000 0000 
0000 0000 0000 0000 0000 0000 0000 0000 
0000 0000 0000 0000 0000 0000 0000 0000 
0000 0000 0000 0000 8304 0000 0000 0000 
0000 0000 0000 0000 1608 0000 0000 0000 
020d 0000 0000 0000 0000 0000 0000 0000 
0000 0000 0000 0000 0000 0000 0000 0000 
0000 0000 0000 0000 0000 0000 0000 0000 
0000 0000 0000 0000 0000 0000 0000 0000 
0000 0000 0000 0000 0000 0000 0000 0000 
0000 0000 0000 0000 0000 0000 7001 0000 
0509 0000 0000 0000 0000 0000 0000 0000 
0000 0000 0000 0000 0000 0000 5c0a 0000 
0000 0000 0000 0000 0000 0000 0000 0000 
0000 0000 0000 0000 0000 0000 0000 0000 
0000 0000 0000 0000 2e09 0000 0000 0000 
0000 0000 e40c 0000 0000 0000 0000 0000 
0000 0000 8604 0000 0000 0000 e803 0000 
0000 0000 0000 0000 0000 0000 0000 0000 
0000 0000 4707 0000 0000 0000 0000 0000 
0000 0000 0000 0000 0000 0000 a40c 0000 
0000 0000 0000 0000 0000 0000 0000 0000 
0000 0000 3d06 0000 0000 0000 0000 0000 
0000 0000 0000 0000 0000 0000 0000 0000 
0000 0000 0000 0000 4708 0000 e801 0000 
0000 0000 0000 0000 0000 0000 0000 0000 
0000 0000 0000 0000 0000 0000 0000 0000 
0000 0000 0000 0000 0000 0000 0000 0000 
0000 0000 0000 0000 060e 0000 0000 0000 
040d 0000 0000 0000 0000 0000 0000 0000 
c506 0000 0000 0000 0000 0000 7f00 0000 
b404 0000 0000 0000 0000 0000 0000 0000 
0000 0000 0000 0000 0000 0000 0000 0000 
0000 0000 0000 0000 0000 0000 0000 0000 
0000 0000 ad02 0000 0000 0000 0000 0000 
7c04 0000 0000 0000 1607 0000 0000 0000 
f409 0000 0000 0000 e405 0000 0000 0000 
0a0c 0000 0000 0000 0000 0000 0000 0000 
0000 0000 0000 0000 0000 0000 b704 0000 
0000 0000 0000 0000 0000 0000 e60a 0000 
0000 0000 0000 0000 0000 0000 0000 0000 
0000 0000 0000 0000 0000 0000 0000 0000 
440d 0000 0000 0000 0000 0000 0000 0000 
0000 0000 6f09 0000 0000 0000 0000 0000 
0000 0000 0000 0000 0000 0000 0000 0000 
0000 0000 0000 0000 0000 0000 0000 0000 
410a 0000 0000 0000 0000 0000 0000 0000 
0000 0000 0000 0000 0000 0000 0000 0000 
0000 0000 0000 0000 0000 0000 0000 0000 
0000 0000 8508 0000 0000 0000 0000 0000 
0000 0000 ae02 0000 0000 0000 0000 0000 
0000 0000 0000 0000 0000 0000 0000 0000 
c304 0000 0000 0000 0000 0000 1a0c 0000 
0000 0000 0000 0000 0000 0000 0000 0000 
0000 0000 2b09 0000 0000 0000 0000 0000 
4a0c 0000 0000 0000 2d09 0000 0000 0000 
0000 0000 0000 0000 0000 0000 0000 0000 
0000 0000 0000 0000 c30f 0000 0000 0000 
0000 0000 0000 0000 0000 0000 0000 0000 
010b 0000 0000 0000 0000 0000 0000 0000 
410e 0000 d40c 0000 0000 0000 0000 0000 
6507 0000 0000 0000 0000 0000 0000 0000 
0000 0000 ec0c 0000 0000 0000 0000 0000 
0000 0000 0000 0000 0000 0000 0000 0000 
0000 0000 0000 0000 0000 0000 0000 0000 
0000 0000 0000 0000 0000 0000 0000 0000 
0000 0000 0000 0000 980a 0000 0000 0000 
0000 0000 0000 0000 0000 0000 0000 0000 
0000 0000 8609 0000 0000 0000 0000 0000 
0000 0000 0000 0000 0000 0000 0000 0000 
0000 0000 5d0b 0000 0000 0000 9e0b 0000 
0000 0000 0000 0000 0000 0000 0000 0000 
0000 0000 0000 0000 020c 0000 0000 0000 
0000 0000 0000 0000 0000 0000 0000 0000 
0000 0000 8408 0000 0000 0000 0000 0000 
0000 0000 2f0b 0000 0000 0000 0000 0000 
0000 0000 0000 0000 0000 0000 0000 0000 
0707 0000 0000 0000 0000 0000 0000 0000 
2b0b 0000 0000 0000 6105 0000 0000 0000 
0000 0000 0000 0000 0000 0000 a40b 0000 
0000 0000 0000 0000 0000 0000 0000 0000 
0f08 0000 0000 0000 0000 0000 6a05 0000 
0000 0000 0000 0000 260e 0000 be02 0000 
0000 0000 0000 0000 0000 0000 0000 0000 
0000 0000 0000 0000 c509 0000 ea0f 0000 
a706 0000 0000 0000 0000 0000 7701 0000 
3d09 0000 0000 0000 0000 0000 0000 0000 
8b08 0000 0000 0000 0000 0000 0000 0000 
4509 0000 b207 0000 0000 0000 0000 0000 
0000 0000 0000 0000 0000 0000 0000 0000 
0000 0000 8a00 0000 0000 0000 0000 0000 
0000 0000 0000 0000 0000 0000 0000 0000 
0000 0000 0000 0000 0000 0000 7808 0000 
0000 0000 0000 0000 0000 0000 840f 0000 
0000 0000 0000 0000 0000 0000 0000 0000 
0000 0000 0000 0000 1a08 0000 0000 0000 
0000 0000 0000 0000 0000 0000 0000 0000 
0000 0000 0000 0000 9404 0000 0000 0000 
180d 0000 0000 0000 0000 0000 0000 0000 
0000 0000 e903 0000 0000 0000 0000 0000 
0000 0000 2d05 0000 0000 0000 3304 0000 
0000 0000 0000 0000 4605 0000 0000 0000 
0000 0000 0000 0000 0000 0000 0000 0000 
0000 0000 0000 0000 0000 0000 e00b 0000 
0000 0000 0000 0000 0000 0000 0000 0000 
0000 0000 0000 0000 0000 0000 c605 0000 
0000 0000 650e 0000 0000 0000 0000 0000 
0000 0000 0000 0000 0000 0000 0000 0000 
0000 0000 c903 0000 e400 0000 0000 0000 
0000 0000 0000 0000 0000 0000 0000 0000 
0000 0000 0000 0000 0000 0000 0000 0000 
4e00 0000 5e04 0000 0000 0000 0000 0000 
0000 0000 0000 0000 2902 0000 0000 0000 
0000 0000 e900 0000 0000 0000 0000 0000 
0000 0000 0000 0000 0000 0000 6805 0000 
0000 0000 0000 0000 7303 0000 0000 0000 
0000 0000 0000 0000 0000 0000 0000 0000 
0000 0000 0000 0000 0000 0000 0000 0000 
0000 0000 0000 0000 9e0d 0000 0000 0000 
0000 0000 0000 0000 0000 0000 0000 0000 
0000 0000 0000 0000 0000 0000 0000 0000 
7a0f 0000 0000 0000 0000 0000 0000 0000 
aa0a 0000 0000 0000 0000 0000 0000 0000 
0000 0000 0000 0000 0000 0000 0000 0000 
0000 0000 0000 0000 0000 0000 0000 0000 
0000 0000 0000 0000 0000 0000 da07 0000 
0000 0000 0000 0000 0000 0000 0000 0000 
0000 0000 4700 0000 0000 0000 4d0d 0000 
0000 0000 0000 0000 8902 0000 0000 0000 
0000 0000 0000 0000 1a03 0000 7800 0000 
0000 0000 300a 0000 da01 0000 330e 0000 
0000 0000 0000 0000 0000 0000 0000 0000 
0000 0000 0000 0000 bb0d 0000 0000 0000 
0000 0000 0000 0000 a20e 0000 0000 0000 
0000 0000 a00f 0000 0000 0000 0000 0000 
0000 0000 0000 0000 670d 0000 9b04 0000 
0000 0000 0000 0000 0000 0000 de04 0000 
0000 0000 3a06 0000 0000 0000 0000 0000 
5002 0000 0000 0000 0000 0000 0000 0000 
0000 0000 0000 0000 0000 0000 0000 0000 
0703 0000 0000 0000 0000 0000 ce05 0000 
0000 0000 0000 0000 0000 0000 0000 0000 
0000 0000 0000 0000 0000 0000 0000 0000 
0000 0000 0000 0000 0000 0000 0000 0000 
0000 0000 0000 0000 0000 0000 0000 0000 
0000 0000 0000 0000 0000 0000 7d0c 0000 
0000 0000 0000 0000 0000 0000 8a0a 0000 
0000 0000 0000 0000 720f 0000 0000 0000 
0000 0000 8d0f 0000 0000 0000 0000 0000 
0000 0000 0000 0000 0000 0000 0000 0000 
2a00 0000 930d 0000 0000 0000 0000 0000 
0000 0000 0000 0000 0000 0000 f302 0000 
0000 0000 520b 0000 a009 0000 0000 0000 
0000 0000 2b0a 0000 0000 0000 0000 0000 
0000 0000 0000 0000 0000 0000 0000 0000 
0000 0000 0000 0000 0000 0000 0000 0000 
0000 0000 0000 0000 0000 0000 0000 0000 
0000 0000 0000 0000 0000 0000 bf09 0000 
0000 0000 0000 0000 0000 0000 0000 0000 
330f 0000 0000 0000 490a 0000 0000 0000 
4c0b 0000 0000 0000 0000 0000 0000 0000 
0000 0000 db07 0000 0000 0000 0000 0000 
0000 0000 0000 0000 0000 0000 0000 0000 
0000 0000 0000 0000 6c0e 0000 0000 0000 
0000 0000 150d 0000 0000 0000 0000 0000 
3b02 0000 0000 0000 0000 0000 0000 0000 
0000 0000 0000 0000 0000 0000 0000 0000 
0000 0000 0000 0000 bf0d 0000 0000 0000 
b503 0000 0000 0000 0000 0000 0000 0000 
0000 0000 a00e 0000 0000 0000 0000 0000 
0000 0000 2505 0000 0000 0000 5e03 0000 
cc0b 0000 0000 0000 0000 0000 0000 0000 
0000 0000 6609 0000 0000 0000 0000 0000 
0000 0000 0000 0000 0000 0000 0000 0000 
0000 0000 ca09 0000 0000 0000 0000 0000 
f006 0000 0000 0000 4e02 0000 0000 0000 
0000 0000 0000 0000 c00a 0000 0000 0000 
0000 0000 0000 0000 0000 0000 0000 0000 
0000 0000 0000 0000 590a 0000 0000 0000 
0000 0000 4d0b 0000 0000 0000 0000 0000 
0000 0000 0000 0000 0000 0000 0000 0000 
0000 0000 0000 0000 110e 0000 b802 0000 
ac07 0000 0000 0000 0000 0000 0000 0000 
4409 0000 0000 0000 0000 0000 0000 0000 
bf0a 0000 0000 0000 0000 0000 d501 0000 
0000 0000 0000 0000 0000 0000 0000 0000 
0000 0000 0000 0000 0000 0000 7c00 0000 
c009 0000 0d0b 0000 ed08 0000 0000 0000 
0000 0000 0000 0000 0000 0000 0000 0000 
0000 0000 0000 0000 0000 0000 0000 0000 
0000 0000 0000 0000 0000 0000 0000 0000 
0000 0000 590b 0000 0000 0000 0000 0000 
0000 0000 0000 0000 0000 0000 0000 0000 
0000 0000 0000 0000 1100 0000 0000 0000 
0000 0000 0000 0000 bd04 0000 9001 0000 
0000 0000 0000 0000 0000 0000 0000 0000 
0000 0000 860d 0000 e002 0000 d30f 0000 
0000 0000 0000 0000 6502 0000 0000 0000 
0000 0000 0000 0000 0000 0000 0000 0000 
0000 0000 0000 0000 0000 0000 0000 0000 
0000 0000 0000 0000 0000 0000 a306 0000 
0000 0000 0000 0000 0000 0000 0000 0000 
0000 0000 0000 0000 0000 0000 0000 0000 
0000 0000 0000 0000 0000 0000 0000 0000 
0000 0000 0000 0000 0a01 0000 0000 0000 
0000 0000 0000 0000 0000 0000 5104 0000 
0000 0000 0000 0000 c60e 0000 0000 0000 
0000 0000 bf0b 0000 0000 0000 fd06 0000 
0000 0000 0000 0000 0000 0000 0000 0000 
0000 0000 0000 0000 0000 0000 3405 0000 
0000 0000 0000 0000 0000 0000 0000 0000 
420f 0000 0000 0000 0000 0000 0000 0000 
0000 0000 0e01 0000 0000 0000 0000 0000 
0000 0000 7704 0000 0000 0000 0000 0000 
0000 0000 0000 0000 3c0d 0000 0000 0000 
0000 0000 0000 0000 0000 0000 0000 0000 
0000 0000 0000 0000 9304 0000 0000 0000 
0000 0000 e508 0000 0000 0000 0000 0000 
0000 0000 b10f 0000 0000 0000 c407 0000 
0000 0000 840e 0000 0000 0000 0000 0000 
0000 0000 0000 0000 0000 0000 0000 0000 
0000 0000 ec01 0000 0000 0000 0000 0000 
0000 0000 cc0c 0000 0000 0000 ee08 0000 
0000 0000 0000 0000 0000 0000 0000 0000 
c80f 0000 0000 0000 0000 0000 0000 0000 
0000 0000 0000 0000 0d0e 0000 bf05 0000 
d40d 0000 0000 0000 4e0e 0000 0000 0000 
0000 0000 0000 0000 0000 0000 0000 0000 
0000 0000 0f04 0000 0000 0000 0000 0000 
8407 0000 0000 0000 0000 0000 1204 0000 
ad03 0000 0000 0000 e006 0000 0000 0000 
0000 0000 0000 0000 7a00 0000 6504 0000 
0000 0000 0800 0000 0000 0000 4901 0000 
d403 0000 0000 0000 0000 0000 0000 0000 
0000 0000 0000 0000 0000 0000 0000 0000 
0000 0000 0000 0000 0000 0000 1f03 0000 
a900 0000 0000 0000 0000 0000 0000 0000 
790c 0000 a00d 0000 0000 0000 0000 0000 
e20c 0000 0000 0000 0000 0000 450f 0000 
5302 0000 0000 0000 8c01 0000 0000 0000 
0000 0000 140c 0000 0000 0000 0000 0000 
0000 0000 0000 0000 1a00 0000 a607 0000 
0000 0000 0000 0000 0000 0000 0000 0000 
0000 0000 0000 0000 0000 0000 2205 0000 
0000 0000 0000 0000 0000 0000 0000 0000 
0000 0000 0000 0000 0000 0000 0000 0000 
a909 0000 930e 0000 be03 0000 c709 0000 
0000 0000 0000 0000 0000 0000 b208 0000 
b709 0000 0000 0000 e30e 0000 0000 0000 
0000 0000 8d02 0000 0000 0000 0000 0000 
0000 0000 0000 0000 e50a 0000 bc09 0000 
8c06 0000 0000 0000 0000 0000 0000 0000 
0000 0000 7104 0000 0000 0000 0000 0000 
0000 0000 0000 0000 0000 0000 0000 0000 
0000 0000 0000 0000 1309 0000 0000 0000 
790f 0000 0000 0000 0000 0000 9d00 0000 
0000 0000 0000 0000 0000 0000 ab04 0000 
0000 0000 f10f 0000 0000 0000 0000 0000 
0000 0000 0000 0000 0000 0000 0000 0000 
a30f 0000 0000 0000 0000 0000 710e 0000 
0000 0000 0000 0000 0000 0000 0000 0000 
0000 0000 0000 0000 0000 0000 0000 0000 
0000 0000 0000 0000 0000 0000 0000 0000 
0000 0000 0000 0000 0000 0000 0000 0000 
0000 0000 0000 0000 0000 0000 0000 0000 
0000 0000 0000 0000 af0e 0000 0000 0000 
1d0e 0000 d10d 0000 0000 0000 0000 0000 
0000 0000 0000 0000 0000 0000 0000 0000 
0000 0000 af0a 0000 0000 0000 0000 0000 
0000 0000 0000 0000 0000 0000 820c 0000 
6c09 0000 0000 0000 0000 0000 0000 0000 
0000 0000 0000 0000 9004 0000 0000 0000 
0000 0000 0000 0000 0000 0000 0000 0000 
0000 0000 7302 0000 ad07 0000 0000 0000 
9805 0000 0000 0000 6d07 0000 0000 0000 
0000 0000 4002 0000 0a0b 0000 0000 0000 
0000 0000 0000 0000 0000 0000 0000 0000 
0000 0000 0000 0000 d504 0000 0000 0000 
0000 0000 0204 0000 0000 0000 0d02 0000 
0000 0000 0000 0000 0000 0000 0000 0000 
0000 0000 0000 0000 3300 0000 0000 0000 
0000 0000 fc0c 0000 0000 0000 0000 0000 
0000 0000 0000 0000 0000 0000 0000 0000 
8e01 0000 f70e 0000 cc09 0000 0000 0000 
0000 0000 0000 0000 0000 0000 0000 0000 
0000 0000 0000 0000 0000 0000 6103 0000 
0000 0000 0000 0000 f20f 0000 0000 0000 
0000 0000 0000 0000 0000 0000 0000 0000 
0000 0000 0000 0000 0000 0000 cc0a 0000 
0000 0000 0000 0000 0000 0000 0000 0000 
0000 0000 0000 0000 3c09 0000 0000 0000 
0000 0000 0000 0000 0000 0000 0000 0000 
e104 0000 0000 0000 0000 0000 0000 0000 
0000 0000 0000 0000 0000 0000 0000 0000 
310a 0000 0000 0000 0000 0000 0000 0000 
9405 0000 0000 0000 0000 0000 0000 0000 
0000 0000 0000 0000 0000 0000 0000 0000 
0000 0000 0000 0000 e809 0000 9409 0000 
0000 0000 0000 0000 0000 0000 720d 0000 
0000 0000 0000 0000 0000 0000 eb0f 0000 
0000 0000 0000 0000 0000 0000 0000 0000 
8100 0000 0000 0000 0000 0000 0000 0000 
0000 0000 0000 0000 b20d 0000 0000 0000 
0000 0000 7700 0000 0000 0000 0000 0000 
0000 0000 0000 0000 0000 0000 da05 0000 
220b 0000 0000 0000 0000 0000 0000 0000 
0000 0000 0000 0000 510f 0000 4101 0000 
0000 0000 0000 0000 8402 0000 0000 0000 
0000 0000 0000 0000 6e01 0000 0000 0000 
0000 0000 0000 0000 0000 0000 8a03 0000 
ff04 0000 0000 0000 b804 0000 0000 0000 
0000 0000 0000 0000 d40a 0000 0000 0000 
0d04 0000 0000 0000 0000 0000 0000 0000 
0000 0000 0000 0000 d90f 0000 0000 0000 
320e 0000 0000 0000 0000 0000 0000 0000 
0000 0000 0000 0000 0000 0000 0000 0000 
0000 0000 0000 0000 4500 0000 0000 0000 
0000 0000 0000 0000 0000 0000 760c 0000 
1809 0000 0000 0000 0000 0000 0000 0000 
ba03 0000 0000 0000 0000 0000 b80e 0000 
0000 0000 1b0f 0000 0000 0000 0000 0000 
0000 0000 0907 0000 0000 0000 0000 0000 
be0a 0000 0000 0000 4300 0000 0000 0000 
0000 0000 5802 0000 0000 0000 0000 0000 
0000 0000 0000 0000 7a02 0000 0000 0000 
0000 0000 0000 0000 0000 0000 0000 0000 
0000 0000 0000 0000 0000 0000 0000 0000 
970c 0000 0000 0000 0000 0000 0000 0000 
050e 0000 990e 0000 0000 0000 0000 0000 
0000 0000 0000 0000 c702 0000 0000 0000 
0000 0000 0000 0000 0000 0000 0000 0000 
0000 0000 0000 0000 0000 0000 2b0f 0000 
0000 0000 0000 0000 0000 0000 0000 0000 
0000 0000 0000 0000 0000 0000 6b00 0000 
0000 0000 0000 0000 0000 0000 0000 0000 
0000 0000 0000 0000 1507 0000 8c0f 0000 
0000 0000 4703 0000 0000 0000 0000 0000 
0000 0000 0000 0000 0000 0000 0000 0000 
0000 0000 0000 0000 0000 0000 0000 0000 
0000 0000 0000 0000 0000 0000 9c03 0000 
0000 0000 0000 0000 0000 0000 0000 0000 
0000 0000 0000 0000 0000 0000 0000 0000 
0000 0000 0000 0000 0000 0000 0000 0000 
0000 0000 0000 0000 0000 0000 0000 0000 
0000 0000 0000 0000 1203 0000 0000 0000 
0000 0000 0000 0000 0000 0000 0000 0000 
0000 0000 0000 0000 9f0a 0000 0000 0000 
0000 0000 0000 0000 0000 0000 c609 0000 
a503 0000 0000 0000 0000 0000 0000 0000 
e70b 0000 0000 0000 0000 0000 0000 0000 
290d 0000 0000 0000 0000 0000 0000 0000 
0000 0000 0000 0000 0000 0000 1600 0000 
0000 0000 0000 0000 0000 0000 0000 0000 
0000 0000 0000 0000 0000 0000 0000 0000 
0000 0000 0000 0000 0000 0000 0000 0000 
0000 0000 0000 0000 0000 0000 0000 0000 
2403 0000 0000 0000 0000 0000 0000 0000 
0000 0000 5608 0000 0000 0000 0000 0000 
0000 0000 f902 0000 0000 0000 0000 0000 
1c0b 0000 0000 0000 320d 0000 0000 0000 
0000 0000 0000 0000 0000 0000 fb05 0000 
0000 0000 e10f 0000 c207 0000 9a03 0000 
0000 0000 0000 0000 0000 0000 4602 0000 
0000 0000 0000 0000 0000 0000 400b 0000 
0000 0000 0000 0000 1409 0000 0000 0000 
0000 0000 0000 0000 0000 0000 9a04 0000 
0000 0000 0000 0000 2502 0000 0000 0000 
0000 0000 0000 0000 9506 0000 0000 0000 
0000 0000 0000 0000 0000 0000 0000 0000 
0000 0000 0000 0000 0000 0000 0000 0000 
0000 0000 f109 0000 0000 0000 0000 0000 
0000 0000 0000 0000 d806 0000 0000 0000 
0000 0000 0000 0000 0000 0000 0000 0000 
0000 0000 0000 0000 110c 0000 0000 0000 
0000 0000 0000 0000 0000 0000 0000 0000 
a20d 0000 0000 0000 0000 0000 0000 0000 
bd00 0000 0000 0000 0000 0000 b605 0000 
5709 0000 c309 0000 0000 0000 0000 0000 
0000 0000 0000 0000 0000 0000 0000 0000 
0000 0000 b20a 0000 0000 0000 0000 0000 
0000 0000 0000 0000 0000 0000 0602 0000 
550a 0000 f600 0000 0000 0000 0000 0000 
1c0e 0000 0000 0000 0000 0000 0000 0000 
0000 0000 630f 0000 0000 0000 0000 0000 
0000 0000 2d08 0000 0000 0000 0000 0000 
0000 0000 0000 0000 0000 0000 0000 0000 
0000 0000 0000 0000 9f09 0000 070d 0000 
0000 0000 fa07 0000 0000 0000 0000 0000 
950a 0000 0000 0000 0000 0000 0000 0000 
0000 0000 ea03 0000 0000 0000 0000 0000 
0000 0000 aa0c 0000 030c 0000 0000 0000 
0000 0000 0000 0000 0000 0000 230e 0000 
0000 0000 0000 0000 0000 0000 0000 0000 
0000 0000 9b0a 0000 0000 0000 0000 0000 
0000 0000 0000 0000 0000 0000 0000 0000 
6509 0000 0000 0000 8c05 0000 0000 0000 
0000 0000 9b0c 0000 0000 0000 0000 0000 
0000 0000 0000 0000 0000 0000 0000 0000 
0000 0000 0000 0000 0000 0000 0000 0000 
0000 0000 1408 0000 dc03 0000 0000 0000 
0000 0000 0000 0000 0000 0000 0000 0000 
6c0a 0000 0000 0000 0000 0000 0000 0000 
0000 0000 0000 0000 0000 0000 df03 0000 
0000 0000 0000 0000 0000 0000 0000 0000 
0000 0000 0000 0000 0000 0000 0000 0000 
0000 0000 8a01 0000 0000 0000 0000 0000 
0000 0000 0000 0000 9b0b 0000 0000 0000 
0000 0000 8c0e 0000 0000 0000 0000 0000 
0000 0000 0000 0000 1708 0000 0000 0000 
0000 0000 0000 0000 0000 0000 cb04 0000 
0000 0000 7406 0000 0000 0000 0000 0000 
0000 0000 0000 0000 0000 0000 0000 0000 
0000 0000 9b02 0000 0000 0000 0000 0000 
0000 0000 0000 0000 0000 0000 0000 0000 
0000 0000 df09 0000 0000 0000 0000 0000 
0000 0000 0000 0000 0000 0000 0000 0000 
0000 0000 0000 0000 0000 0000 0000 0000 
be09 0000 0000 0000 0000 0000 0000 0000 
9806 0000 0000 0000 0000 0000 0000 0000 
0000 0000 0000 0000 0000 0000 0000 0000 
0000 0000 0000 0000 0000 0000 0000 0000 
0000 0000 0000 0000 0000 0000 0000 0000 
0000 0000 0000 0000 0000 0000 0000 0000 
0000 0000 0000 0000 8801 0000 0000 0000 
d305 0000 0000 0000 0000 0000 0000 0000 
0000 0000 3f0a 0000 0000 0000 0000 0000 
0000 0000 0000 0000 a004 0000 0000 0000 
0000 0000 0000 0000 0000 0000 0000 0000 
0f0d 0000 2d07 0000 0000 0000 0000 0000 
0000 0000 0000 0000 0704 0000 0000 0000 
0000 0000 0000 0000 0000 0000 0000 0000 
0000 0000 cb07 0000 0000 0000 cb0e 0000 
0000 0000 0000 0000 5a0a 0000 0000 0000 
0000 0000 7801 0000 b50d 0000 480e 0000 
0e06 0000 0000 0000 0000 0000 0000 0000 
0000 0000 0000 0000 0000 0000 5c02 0000 
0000 0000 0000 0000 0000 0000 b70c 0000 
0000 0000 0000 0000 0000 0000 ac0c 0000 
0000 0000 0000 0000 ba0d 0000 1806 0000 
0000 0000 0000 0000 4a03 0000 2b06 0000 
0000 0000 0000 0000 0000 0000 0000 0000 
0000 0000 460a 0000 0000 0000 0000 0000 
0000 0000 0000 0000 0000 0000 0000 0000 
0000 0000 0000 0000 0000 0000 0000 0000 
0000 0000 0000 0000 d60a 0000 0000 0000 
0000 0000 0000 0000 0000 0000 0000 0000 
0a0d 0000 490f 0000 0000 0000 0000 0000 
0000 0000 0000 0000 b803 0000 0000 0000 
0000 0000 0000 0000 6307 0000 e906 0000 
0000 0000 0000 0000 0000 0000 0000 0000 
0000 0000 0000 0000 0000 0000 0000 0000 
0000 0000 0000 0000 0000 0000 0000 0000 
0000 0000 7305 0000 870a 0000 a703 0000 
1f0f 0000 0000 0000 0000 0000 0000 0000 
d00a 0000 0000 0000 080b 0000 8202 0000 
0000 0000 660c 0000 4301 0000 0000 0000 
1b07 0000 0000 0000 0000 0000 0000 0000 
0000 0000 0000 0000 0000 0000 0000 0000 
0000 0000 0000 0000 0000 0000 0000 0000 
0000 0000 0000 0000 0000 0000 0000 0000 
0000 0000 140b 0000 0000 0000 0000 0000 
0000 0000 0000 0000 000e 0000 0000 0000 
0000 0000 0000 0000 0000 0000 0000 0000 
3a05 0000 0000 0000 0000 0000 0000 0000 
0000 0000 0000 0000 0000 0000 3808 0000 
0000 0000 0000 0000 0000 0000 0000 0000 
0000 0000 0000 0000 0000 0000 8501 0000 
0000 0000 0000 0000 0000 0000 0000 0000 
e40d 0000 0000 0000 5e01 0000 0000 0000 
0000 0000 f908 0000 0000 0000 e106 0000 
0000 0000 0000 0000 340c 0000 0000 0000 
0000 0000 0000 0000 7d0f 0000 0000 0000 
0000 0000 0000 0000 0000 0000 0000 0000 
dd09 0000 0000 0000 0000 0000 4205 0000 
0000 0000 0000 0000 0000 0000 0000 0000 
0000 0000 0000 0000 0000 0000 0000 0000 
0000 0000 0000 0000 0000 0000 0000 0000 
0000 0000 0000 0000 0000 0000 0000 0000 
0000 0000 0000 0000 0000 0000 0000 0000 
4c0a 0000 0000 0000 0000 0000 0000 0000 
0000 0000 0000 0000 0000 0000 f100 0000 
0000 0000 0000 0000 0000 0000 0000 0000 
5f01 0000 2d0f 0000 0000 0000 0000 0000 
7605 0000 0000 0000 3907 0000 240f 0000 
100c 0000 0000 0000 0000 0000 0000 0000 
0000 0000 0000 0000 0000 0000 0000 0000 
0000 0000 0000 0000 0000 0000 0000 0000 
0000 0000 0000 0000 0000 0000 0000 0000 
0000 0000 0000 0000 0000 0000 5d02 0000 
0000 0000 0000 0000 0000 0000 0000 0000 
0000 0000 0000 0000 0000 0000 0000 0000 
0000 0000 0000 0000 0000 0000 970a 0000 
0000 0000 050b 0000 0000 0000 0000 0000 
0000 0000 0000 0000 e704 0000 0000 0000 
0000 0000 0000 0000 0000 0000 0000 0000 
0000 0000 0000 0000 0406 0000 c603 0000 
0000 0000 0000 0000 0000 0000 f906 0000 
0000 0000 0000 0000 0000 0000 0000 0000 
0000 0000 c30e 0000 0000 0000 0000 0000 
0000 0000 0000 0000 0000 0000 0000 0000 
0000 0000 0000 0000 2f01 0000 5604 0000 
0000 0000 0000 0000 0000 0000 0000 0000 
0000 0000 0000 0000 0000 0000 0000 0000 
0000 0000 0000 0000 0000 0000 0000 0000 
0000 0000 0000 0000 0000 0000 0000 0000 
0000 0000 0000 0000 0000 0000 0000 0000 
0000 0000 6905 0000 0000 0000 0000 0000 
0000 0000 0000 0000 0000 0000 0000 0000 
0000 0000 1500 0000 cd0d 0000 0000 0000 
0000 0000 0000 0000 0000 0000 ad09 0000 
0000 0000 9106 0000 ad0a 0000 0000 0000 
a401 0000 880c 0000 0000 0000 0000 0000 
0000 0000 0000 0000 0000 0000 0000 0000 
0000 0000 0000 0000 ca05 0000 0000 0000 
0000 0000 9f08 0000 0000 0000 0000 0000 
0000 0000 0000 0000 440b 0000 0000 0000 
6a0c 0000 0000 0000 0000 0000 0000 0000 
0000 0000 0000 0000 0000 0000 9309 0000 
9a07 0000 0000 0000 0000 0000 0000 0000 
0d08 0000 0000 0000 0000 0000 0000 0000 
8e0b 0000 0000 0000 0000 0000 0000 0000 
5607 0000 0000 0000 8808 0000 6b0e 0000 
0000 0000 0000 0000 0000 0000 0000 0000 
0000 0000 0000 0000 0000 0000 8300 0000 
290e 0000 af0f 0000 0c09 0000 0000 0000 
0000 0000 0000 0000 0000 0000 0000 0000 
0000 0000 0000 0000 0000 0000 0000 0000 
c40d 0000 0000 0000 0000 0000 0000 0000 
4804 0000 0203 0000 0000 0000 0000 0000 
0000 0000 0000 0000 0000 0000 0000 0000 
0105 0000 2d0a 0000 0000 0000 0000 0000 
0000 0000 0000 0000 0000 0000 0000 0000 
1503 0000 3602 0000 f608 0000 0000 0000 
0000 0000 0000 0000 0000 0000 0000 0000 
0000 0000 0000 0000 0000 0000 4d04 0000 
5e0b 0000 0000 0000 0000 0000 0000 0000 
0000 0000 0000 0000 0000 0000 0000 0000 
0000 0000 0000 0000 0000 0000 0000 0000 
0000 0000 9701 0000 880a 0000 0000 0000 
0000 0000 0000 0000 0000 0000 0000 0000 
9604 0000 0000 0000 0000 0000 d307 0000 
0000 0000 e703 0000 0000 0000 0000 0000 
0000 0000 0000 0000 0000 0000 1e02 0000 
0000 0000 0000 0000 0000 0000 0000 0000 
0000 0000 0000 0000 0000 0000 0000 0000 
0000 0000 0000 0000 0000 0000 0000 0000 
0000 0000 0000 0000 d30c 0000 0000 0000 
b306 0000 0000 0000 0000 0000 0000 0000 
0000 0000 0000 0000 750c 0000 0000 0000 
0000 0000 0000 0000 0000 0000 ac04 0000 
e402 0000 d700 0000 5e0c 0000 2f03 0000 
0000 0000 0000 0000 0000 0000 0000 0000 
0000 0000 0000 0000 0000 0000 c300 0000 
a705 0000 1107 0000 0000 0000 0000 0000 
0000 0000 0000 0000 0000 0000 0000 0000 
0000 0000 d803 0000 0000 0000 ef0d 0000 
0000 0000 9609 0000 0000 0000 0000 0000 
a00c 0000 0000 0000 0b0d 0000 0000 0000 
0000 0000 0000 0000 0000 0000 fb02 0000 
0000 0000 0000 0000 ae0c 0000 0000 0000 
b004 0000 0000 0000 430b 0000 7c03 0000 
0f0f 0000 0000 0000 0000 0000 fe02 0000 
0000 0000 e90e 0000 2a07 0000 4b0d 0000 
0000 0000 0000 0000 ef0a 0000 0000 0000 
4b0e 0000 0000 0000 0000 0000 0000 0000 
0000 0000 0000 0000 0000 0000 0000 0000 
0000 0000 0000 0000 0000 0000 0000 0000 
0000 0000 0000 0000 df06 0000 0000 0000 
f909 0000 690b 0000 0000 0000 5f00 0000 
0000 0000 0000 0000 0000 0000 0303 0000 
0000 0000 0000 0000 0000 0000 0000 0000 
6e0c 0000 0000 0000 0000 0000 8b0f 0000 
0000 0000 0000 0000 3e0a 0000 0000 0000 
0000 0000 b300 0000 0000 0000 0000 0000 
ffff ffff 0000 0000 0000 0000 0000 0000 
0000 0000 d602 0000 0000 0000 0000 0000 
0000 0000 0000 0000 0000 0000 0000 0000 
0000 0000 0000 0000 3809 0000 cc0e 0000 
0000 0000 0000 0000 0000 0000 0000 0000 
0000 0000 c005 0000 0000 0000 0000 0000 
0000 0000 0000 0000 0000 0000 0000 0000 
0000 0000 0000 0000 0000 0000 0000 0000 
0000 0000 0000 0000 0000 0000 0000 0000 
0000 0000 0000 0000 0000 0000 ab09 0000 
0000 0000 0000 0000 0000 0000 0000 0000 
0000 0000 0000 0000 0000 0000 0000 0000 
0000 0000 0000 0000 0000 0000 0000 0000 
0000 0000 0000 0000 0000 0000 880f 0000 
0000 0000 950d 0000 0000 0000 0000 0000 
f604 0000 3208 0000 0000 0000 0000 0000 
0000 0000 0000 0000 0000 0000 ef06 0000 
0000 0000 0000 0000 0000 0000 0000 0000 
0000 0000 0000 0000 db0a 0000 950c 0000 
0000 0000 920a 0000 0000 0000 0000 0000 
0000 0000 0000 0000 db04 0000 0000 0000 
0000 0000 890d 0000 0000 0000 0000 0000 
4a05 0000 0000 0000 0000 0000 0000 0000 
0000 0000 0000 0000 0000 0000 0000 0000 
0000 0000 eb09 0000 0000 0000 0000 0000 
0000 0000 6f0b 0000 0b05 0000 0000 0000 
f808 0000 0000 0000 0000 0000 0000 0000 
0000 0000 0000 0000 0000 0000 0000 0000 
0000 0000 fe07 0000 4e08 0000 0000 0000 
0000 0000 0000 0000 0000 0000 0000 0000 
4d09 0000 0000 0000 0000 0000 0000 0000 
0000 0000 0000 0000 0000 0000 0000 0000 
0000 0000 0000 0000 0000 0000 0000 0000 
0000 0000 0000 0000 0000 0000 0000 0000 
0000 0000 0000 0000 a20f 0000 0000 0000 
0000 0000 0000 0000 0000 0000 0000 0000 
0000 0000 0000 0000 0000 0000 b104 0000 
2e04 0000 0000 0000 5403 0000 0000 0000 
0000 0000 0000 0000 0000 0000 0000 0000 
0000 0000 0000 0000 ca0e 0000 0000 0000 
0000 0000 b907 0000 0000 0000 3b06 0000 
1d06 0000 0000 0000 0000 0000 a206 0000 
0000 0000 0000 0000 0000 0000 7709 0000 
0000 0000 810d 0000 4702 0000 0000 0000 
0000 0000 0000 0000 0000 0000 0000 0000 
0000 0000 0000 0000 7f0b 0000 0000 0000 
0000 0000 6606 0000 0000 0000 4405 0000 
0000 0000 0000 0000 2107 0000 0000 0000 
0000 0000 0000 0000 0000 0000 0000 0000 
0000 0000 0000 0000 0000 0000 0000 0000 
0000 0000 0000 0000 020b 0000 d303 0000 
dd0f 0000 0000 0000 0000 0000 0000 0000 
0000 0000 0000 0000 0000 0000 0000 0000 
0000 0000 0000 0000 0000 0000 0000 0000 
b009 0000 0000 0000 0000 0000 5108 0000 
8700 0000 0000 0000 0000 0000 0000 0000 
9100 0000 0000 0000 dc04 0000 0000 0000 
0000 0000 0000 0000 2c09 0000 8f02 0000 
0000 0000 0000 0000 0000 0000 0000 0000 
0000 0000 0000 0000 0000 0000 0000 0000 
0000 0000 3604 0000 010c 0000 0000 0000 
0000 0000 0000 0000 0000 0000 0000 0000 
0000 0000 4c0f 0000 0000 0000 020a 0000 
0000 0000 0000 0000 0000 0000 0000 0000 
0000 0000 0000 0000 0000 0000 0000 0000 
0000 0000 0000 0000 0000 0000 0000 0000 
0000 0000 0000 0000 0000 0000 0000 0000 
0000 0000 ba0b 0000 0209 0000 910c 0000 
0000 0000 c501 0000 0000 0000 0000 0000 
280c 0000 0000 0000 4105 0000 0000 0000 
0000 0000 4304 0000 6904 0000 0000 0000 
0000 0000 0000 0000 0000 0000 0000 0000 
2405 0000 0000 0000 0000 0000 0000 0000 
0000 0000 0000 0000 0000 0000 0000 0000 
8809 0000 0000 0000 0000 0000 0000 0000 
0000 0000 0000 0000 6f02 0000 0000 0000 
0000 0000 0000 0000 0000 0000 3b0b 0000 
0000 0000 0000 0000 0000 0000 1c09 0000 
1702 0000 0000 0000 0000 0000 7109 0000 
0000 0000 0000 0000 0000 0000 0000 0000 
0000 0000 3a01 0000 0000 0000 9d04 0000 
db0c 0000 0000 0000 c10c 0000 7b0d 0000 
0000 0000 0000 0000 0000 0000 0000 0000 
2c0b 0000 0000 0000 3305 0000 cc01 0000 
670b 0000 a70e 0000 0000 0000 0000 0000 
5205 0000 0000 0000 5809 0000 0000 0000 
c20c 0000 6704 0000 0000 0000 0000 0000 
0000 0000 0000 0000 ee07 0000 0000 0000 
0000 0000 0000 0000 0000 0000 0000 0000 
e804 0000 d801 0000 0000 0000 0000 0000 
0000 0000 4e09 0000 0c07 0000 0000 0000 
0000 0000 0000 0000 e20b 0000 8d00 0000 
0000 0000 0000 0000 0000 0000 970b 0000 
0000 0000 7b00 0000 0000 0000 0000 0000 
0000 0000 0000 0000 1c06 0000 390d 0000 
0000 0000 0000 0000 0000 0000 0000 0000 
0000 0000 4905 0000 0000 0000 0000 0000 
0000 0000 0000 0000 0000 0000 0000 0000 
0000 0000 0000 0000 0000 0000 8900 0000 
0000 0000 0000 0000 0000 0000 a30d 0000 
0000 0000 0000 0000 0000 0000 0000 0000 
0000 0000 0000 0000 0000 0000 0000 0000 
0000 0000 0000 0000 690f 0000 0000 0000 
0000 0000 0000 0000 0000 0000 0000 0000 
0000 0000 0000 0000 0000 0000 4007 0000 
0000 0000 0000 0000 0000 0000 9c07 0000 
0000 0000 0000 0000 0503 0000 0000 0000 
0000 0000 0000 0000 0000 0000 0000 0000 
f407 0000 0000 0000 0000 0000 0000 0000 
ed01 0000 0000 0000 0000 0000 0000 0000 
0000 0000 0000 0000 0000 0000 0000 0000 
0000 0000 0000 0000 090e 0000 0000 0000 
0000 0000 0000 0000 0000 0000 0000 0000 
0000 0000 0000 0000 ee09 0000 0000 0000 
0000 0000 0000 0000 0000 0000 bb00 0000 
0000 0000 0000 0000 0000 0000 0000 0000 
0000 0000 0000 0000 0000 0000 0000 0000 
0000 0000 0000 0000 0000 0000 0000 0000 
3c0e 0000 0000 0000 0000 0000 0000 0000 
0000 0000 0000 0000 0000 0000 0000 0000 
0000 0000 2b0e 0000 0000 0000 0000 0000 
0000 0000 0000 0000 0000 0000 0000 0000 
0000 0000 0000 0000 0000 0000 0000 0000 
6308 0000 0000 0000 ad08 0000 4303 0000 
0000 0000 0000 0000 0000 0000 630b 0000 
0000 0000 0000 0000 0000 0000 0000 0000 
0000 0000 0000 0000 0000 0000 0000 0000 
0000 0000 0000 0000 0000 0000 0000 0000 
0000 0000 0000 0000 0000 0000 0000 0000 
0000 0000 0000 0000 0000 0000 0000 0000 
0000 0000 0000 0000 0000 0000 0000 0000 
0000 0000 be0f 0000 d704 0000 a109 0000 
0000 0000 0000 0000 0000 0000 0000 0000 
0000 0000 0000 0000 b902 0000 0000 0000 
0000 0000 0000 0000 0000 0000 0000 0000 
4c08 0000 c70c 0000 0000 0000 0000 0000 
8404 0000 0000 0000 0000 0000 0000 0000 
0000 0000 0000 0000 5d0c 0000 0000 0000 
0000 0000 0000 0000 0000 0000 0000 0000 
bb08 0000 0000 0000 0000 0000 0000 0000 
0000 0000 0000 0000 0000 0000 0000 0000 
9202 0000 0000 0000 0000 0000 0000 0000 
0000 0000 0000 0000 0000 0000 0000 0000 
0000 0000 0000 0000 0000 0000 0000 0000 
9b01 0000 0000 0000 7c0f 0000 0000 0000 
0000 0000 0000 0000 0000 0000 0000 0000 
0000 0000 0000 0000 0000 0000 0000 0000 
0000 0000 0000 0000 0000 0000 0000 0000 
0000 0000 ac0d 0000 0000 0000 0000 0000 
0000 0000 0000 0000 be0d 0000 0000 0000 
0000 0000 5505 0000 0000 0000 0000 0000 
2801 0000 0000 0000 0000 0000 0000 0000 
4d0c 0000 0000 0000 0000 0000 0000 0000 
0000 0000 0000 0000 0000 0000 0000 0000 
0000 0000 ca06 0000 400f 0000 0000 0000 
0000 0000 0000 0000 0000 0000 0000 0000 
0000 0000 3402 0000 270b 0000 0000 0000 
0000 0000 0000 0000 6e0b 0000 0000 0000 
0000 0000 0000 0000 d20d 0000 a90f 0000 
0000 0000 0000 0000 0000 0000 0000 0000 
0000 0000 7504 0000 550f 0000 0000 0000 
0000 0000 da09 0000 0000 0000 0000 0000 
0000 0000 6008 0000 0000 0000 0000 0000 
0000 0000 560f 0000 3f08 0000 0000 0000 
0000 0000 a700 0000 0000 0000 0000 0000 
a803 0000 0000 0000 0000 0000 0000 0000 
0000 0000 0000 0000 0000 0000 0000 0000 
0000 0000 c705 0000 0000 0000 0000 0000 
0000 0000 b20b 0000 0000 0000 d605 0000 
0000 0000 0000 0000 0000 0000 4302 0000 
0000 0000 0000 0000 a302 0000 0000 0000 
ca02 0000 0000 0000 0000 0000 0000 0000 
7d0e 0000 0000 0000 0000 0000 0000 0000 
0000 0000 0000 0000 5e07 0000 0000 0000 
2206 0000 0000 0000 850c 0000 0000 0000 
0000 0000 0000 0000 0000 0000 0000 0000 
0000 0000 0000 0000 0000 0000 650c 0000 
0000 0000 0000 0000 0000 0000 0000 0000 
3002 0000 0000 0000 0000 0000 0000 0000 
0000 0000 9003 0000 4200 0000 0000 0000 
0000 0000 0000 0000 0000 0000 790e 0000 
0000 0000 0000 0000 0000 0000 0000 0000 
f308 0000 0000 0000 0000 0000 0000 0000 
0000 0000 0000 0000 0000 0000 9f06 0000 
e30c 0000 0000 0000 0000 0000 0000 0000 
0000 0000 0000 0000 0000 0000 1b0a 0000 
0000 0000 0000 0000 0000 0000 0000 0000 
0000 0000 0000 0000 380b 0000 ba04 0000 
090a 0000 0000 0000 0000 0000 0000 0000 
0000 0000 0000 0000 0000 0000 0000 0000 
2807 0000 0000 0000 0000 0000 0000 0000 
0000 0000 0000 0000 0000 0000 0000 0000 
0000 0000 0000 0000 0000 0000 0000 0000 
0000 0000 0000 0000 0000 0000 0000 0000 
fd05 0000 0000 0000 0000 0000 0000 0000 
0000 0000 0000 0000 5705 0000 0000 0000 
5501 0000 0000 0000 0000 0000 810c 0000 
0000 0000 0000 0000 990d 0000 7006 0000 
0000 0000 1008 0000 0000 0000 d80f 0000 
0000 0000 0000 0000 0000 0000 0000 0000 
0000 0000 f507 0000 0000 0000 0000 0000 
b50f 0000 0000 0000 0000 0000 5d00 0000 
0000 0000 0000 0000 0000 0000 0000 0000 
0000 0000 0000 0000 0000 0000 8c0d 0000 
0000 0000 0000 0000 0000 0000 0000 0000 
0000 0000 420b 0000 0000 0000 0000 0000 
0000 0000 0000 0000 0000 0000 0000 0000 
0000 0000 0000 0000 0e04 0000 0000 0000 
0000 0000 0000 0000 0000 0000 0000 0000 
0000 0000 b700 0000 9c0d 0000 0000 0000 
8a08 0000 0805 0000 0000 0000 0000 0000 
0000 0000 0000 0000 0000 0000 0000 0000 
d800 0000 0000 0000 0000 0000 0000 0000 
0000 0000 0000 0000 0000 0000 7e0d 0000 
0000 0000 4d0f 0000 0000 0000 0000 0000 
0000 0000 0000 0000 0000 0000 0000 0000 
0000 0000 0000 0000 0000 0000 0000 0000 
0000 0000 0000 0000 0000 0000 0000 0000 
0000 0000 0000 0000 0000 0000 0000 0000 
0000 0000 0000 0000 0000 0000 0000 0000 
0000 0000 9a06 0000 0000 0000 f903 0000 
0000 0000 0000 0000 0000 0000 0000 0000 
0000 0000 0000 0000 0000 0000 0000 0000 
0000 0000 0000 0000 ba0f 0000 0000 0000 
0000 0000 0000 0000 0000 0000 0000 0000 
0000 0000 0000 0000 0000 0000 e107 0000 
0000 0000 0000 0000 c204 0000 0000 0000 
0000 0000 5800 0000 0000 0000 0000 0000 
0000 0000 0000 0000 3d0d 0000 0000 0000 
0000 0000 d404 0000 0000 0000 0000 0000 
c107 0000 0000 0000 0000 0000 0000 0000 
0000 0000 0000 0000 0000 0000 0e03 0000 
0000 0000 620b 0000 0000 0000 0000 0000 
0000 0000 5b03 0000 0000 0000 0000 0000 
2000 0000 0000 0000 ee05 0000 580b 0000 
4c09 0000 0000 0000 540c 0000 c90f 0000 
0000 0000 370a 0000 0000 0000 0000 0000 
0000 0000 0000 0000 0000 0000 bc0c 0000 
e201 0000 0000 0000 0000 0000 0000 0000 
0000 0000 0000 0000 350b 0000 0000 0000 
0000 0000 650d 0000 0000 0000 0000 0000 
0000 0000 0000 0000 660a 0000 3b04 0000 
0000 0000 0604 0000 a80e 0000 fb00 0000 
0000 0000 0000 0000 0000 0000 0000 0000 
450c 0000 0000 0000 0000 0000 0000 0000 
0000 0000 0000 0000 0000 0000 0000 0000 
0000 0000 e309 0000 0000 0000 0000 0000 
0000 0000 a103 0000 a20a 0000 0000 0000 
1b03 0000 0000 0000 3a0d 0000 0000 0000 
0000 0000 0000 0000 0000 0000 0000 0000 
0000 0000 0000 0000 0000 0000 0000 0000 
0000 0000 0000 0000 0000 0000 0000 0000 
770f 0000 0000 0000 0000 0000 0000 0000 
0000 0000 0000 0000 0000 0000 0000 0000 
0000 0000 0000 0000 0000 0000 dc06 0000 
0000 0000 0000 0000 0000 0000 0000 0000 
0000 0000 0000 0000 0000 0000 0000 0000 
0000 0000 0000 0000 0000 0000 0000 0000 
0000 0000 0000 0000 0000 0000 0000 0000 
f405 0000 0000 0000 0000 0000 0000 0000 
1c08 0000 e205 0000 fb04 0000 0000 0000 
0000 0000 ab0d 0000 0000 0000 0000 0000 
0000 0000 d203 0000 0000 0000 0000 0000 
0607 0000 8605 0000 0000 0000 0000 0000 
0000 0000 0000 0000 0000 0000 0000 0000 
8200 0000 0000 0000 0000 0000 0000 0000 
ae06 0000 c600 0000 0000 0000 0000 0000 
0000 0000 0000 0000 0000 0000 5e06 0000 
0000 0000 0000 0000 8103 0000 0000 0000 
0000 0000 e600 0000 0000 0000 dc09 0000 
0000 0000 0000 0000 0000 0000 0000 0000 
0000 0000 0000 0000 5907 0000 6c06 0000 
0000 0000 0000 0000 0000 0000 0000 0000 
0000 0000 0000 0000 0000 0000 0000 0000 
ba08 0000 0000 0000 0000 0000 0000 0000 
0000 0000 ba09 0000 0000 0000 0000 0000 
0000 0000 0000 0000 0000 0000 0000 0000 
a000 0000 5503 0000 0000 0000 9f04 0000 
040e 0000 0000 0000 b005 0000 0000 0000 
0000 0000 0000 0000 0000 0000 0000 0000 
0000 0000 0000 0000 0000 0000 0000 0000 
0000 0000 0000 0000 0000 0000 0000 0000 
0000 0000 0000 0000 0000 0000 0000 0000 
0000 0000 0000 0000 0000 0000 0000 0000 
0000 0000 2300 0000 0000 0000 0000 0000 
0000 0000 9509 0000 f508 0000 0a09 0000 
7803 0000 0000 0000 0000 0000 0000 0000 
0000 0000 c102 0000 0000 0000 0000 0000 
0000 0000 0000 0000 0000 0000 0000 0000 
0000 0000 750b 0000 0000 0000 0000 0000 
0000 0000 030b 0000 0000 0000 0000 0000 
0000 0000 0000 0000 0000 0000 0000 0000 
0e08 0000 0000 0000 0000 0000 0000 0000 
0000 0000 0000 0000 0000 0000 0000 0000 
3306 0000 0000 0000 0000 0000 0000 0000 
7401 0000 0000 0000 0000 0000 dc05 0000 
0000 0000 0000 0000 0000 0000 0000 0000 
0000 0000 f406 0000 0000 0000 0000 0000 
0000 0000 f8ff ff0f 0000 0000 0000 0000 
f805 0000 0000 0000 0e0b 0000 0000 0000 
0000 0000 0000 0000 0000 0000 6f0c 0000 
ed04 0000 0000 0000 0000 0000 0000 0000 
0000 0000 0000 0000 0000 0000 0906 0000 
0000 0000 0000 0000 0000 0000 0000 0000 
0000 0000 0000 0000 8204 0000 1b0d 0000 
c307 0000 0000 0000 0000 0000 0000 0000 
0000 0000 0000 0000 0000 0000 0000 0000 
0000 0000 ce00 0000 0000 0000 2900 0000 
0000 0000 7f05 0000 450b 0000 0000 0000 
0000 0000 0000 0000 d405 0000 b606 0000 
4f01 0000 0000 0000 0000 0000 0000 0000 
0000 0000 4b06 0000 0000 0000 0000 0000 
0000 0000 0000 0000 0000 0000 0000 0000 
0000 0000 0000 0000 0000 0000 0000 0000 
0000 0000 d206 0000 0000 0000 0000 0000 
0000 0000 0000 0000 f305 0000 500c 0000 
0000 0000 0000 0000 0000 0000 0000 0000 
0000 0000 b905 0000 0000 0000 0000 0000 
0000 0000 0000 0000 0000 0000 0000 0000 
0000 0000 0000 0000 0000 0000 0000 0000 
0000 0000 0000 0000 0000 0000 f001 0000 
0000 0000 0000 0000 0000 0000 0000 0000 
0000 0000 0000 0000 0000 0000 0000 0000 
0000 0000 0000 0000 0000 0000 0000 0000 
0000 0000 0000 0000 0000 0000 0000 0000 
0000 0000 a502 0000 0000 0000 0000 0000 
0000 0000 0000 0000 0000 0000 480b 0000 
0000 0000 0000 0000 0000 0000 0000 0000 
0000 0000 0000 0000 2309 0000 0000 0000 
0000 0000 0000 0000 3a0b 0000 b209 0000 
0000 0000 0000 0000 0000 0000 3a07 0000 
0000 0000 0000 0000 0000 0000 0000 0000 
2103 0000 0000 0000 0000 0000 0000 0000 
0000 0000 0000 0000 0000 0000 ce08 0000 
0000 0000 e604 0000 0000 0000 0000 0000 
0000 0000 0000 0000 0000 0000 5107 0000 
0000 0000 0000 0000 0000 0000 0000 0000 
0000 0000 0000 0000 0000 0000 090f 0000 
0000 0000 0000 0000 0000 0000 0000 0000 
2701 0000 0000 0000 7b06 0000 b401 0000 
0000 0000 d707 0000 0000 0000 0000 0000 
0000 0000 360c 0000 0000 0000 0000 0000 
da0a 0000 4c0e 0000 0000 0000 0000 0000 
0000 0000 900e 0000 0000 0000 0000 0000 
0000 0000 ab05 0000 180e 0000 0000 0000 
0000 0000 0000 0000 0000 0000 0000 0000 
4d03 0000 0000 0000 0000 0000 0000 0000 
0000 0000 0000 0000 0000 0000 7507 0000 
0000 0000 0000 0000 0000 0000 0000 0000 
0000 0000 9f0d 0000 8400 0000 0000 0000 
0000 0000 0000 0000 0000 0000 0000 0000 
0000 0000 0000 0000 5308 0000 0000 0000 
0000 0000 0000 0000 0000 0000 bb07 0000 
0000 0000 860f 0000 b70e 0000 0000 0000 
bd0d 0000 1908 0000 0000 0000 0000 0000 
0000 0000 0000 0000 0000 0000 0000 0000 
b60e 0000 0000 0000 cf07 0000 0000 0000 
be07 0000 0000 0000 0000 0000 cf0a 0000 
fa00 0000 5402 0000 0000 0000 0000 0000 
0000 0000 0000 0000 0000 0000 0000 0000 
0000 0000 a50d 0000 0000 0000 0000 0000 
0000 0000 0000 0000 0000 0000 0000 0000 
0000 0000 0000 0000 0000 0000 0000 0000 
7f08 0000 0000 0000 e20e 0000 030a 0000 
0000 0000 0000 0000 0000 0000 0000 0000 
0000 0000 7e0a 0000 1f04 0000 0000 0000 
0000 0000 0000 0000 0000 0000 7a03 0000 
0000 0000 ad00 0000 0000 0000 0000 0000 
0000 0000 ba06 0000 0000 0000 0000 0000 
0000 0000 0000 0000 f804 0000 0000 0000 
0000 0000 0000 0000 5d03 0000 0000 0000 
0000 0000 0000 0000 0000 0000 490e 0000 
0000 0000 0000 0000 0000 0000 0000 0000 
c50e 0000 a901 0000 0000 0000 0000 0000 
0000 0000 0000 0000 0000 0000 0000 0000 
0000 0000 0000 0000 0000 0000 370b 0000 
0000 0000 0000 0000 0000 0000 0000 0000 
aa0f 0000 0603 0000 0000 0000 0000 0000 
0000 0000 5e05 0000 0000 0000 0000 0000 
0000 0000 dd0e 0000 0000 0000 0000 0000 
0000 0000 0000 0000 0000 0000 0000 0000 
0000 0000 2009 0000 ff07 0000 fc00 0000 
0000 0000 0000 0000 0000 0000 0000 0000 
0000 0000 100e 0000 1001 0000 0000 0000 
0000 0000 0000 0000 0000 0000 0000 0000 
0000 0000 0000 0000 0000 0000 0000 0000 
0000 0000 0000 0000 0000 0000 0000 0000 
